 0  0  1 999
 1  2  0 999
 2  3  5 999
 3  1  6  3 999
 4  2  4  7 999
 5  8  4 999
 6  9 12 999
 7  5 13  9 999
 8  6 10 14 999
 9  7 15 10 999
10  8 11 16 999
11 17 11 999
12 12 20 999
13 13 18 21 999
14 14 22 18 999
15 15 19 23 999
16 16 24 19 999
17 17 25 999
18 20 26 29 999
19 21 30 26 999
20 22 27 31 999
21 23 32 27 999
22 24 28 33 999
23 25 34 28 999
24 29 37 999
25 30 35 38 999
26 31 39 35 999
27 32 36 40 999
28 33 41 36 999
29 34 42 999
30 37 43 46 999
31 38 47 43 999
32 39 44 48 999
33 40 49 44 999
34 41 45 50 999
35 42 51 45 999
36 46 54 999
37 47 52 55 999
38 48 56 52 999
39 49 53 57 999
40 50 58 53 999
41 51 59 999
42 54 60 999
43 55 63 60 999
44 56 61 64 999
45 57 65 61 999
46 58 62 66 999
47 59 62 999
48 63 67 999
49 64 69 67 999
50 65 68 70 999
51 66 68 999
52 69 71 999
53 70 71 999

 0  0  1 999
 1  0  3 999
 2  1  4 999
 3  2  3 999
 4  4  5 999
 5  2  7 999
 6  3  8 999
 7  4  9 999
 8  5 10 999
 9  6  7 999
10  8  9 999
11 10 11 999
12  6 12 999
13  7 13 999
14  8 14 999
15  9 15 999
16 10 16 999
17 11 17 999
18 13 14 999
19 15 16 999
20 12 18 999
21 13 19 999
22 14 20 999
23 15 21 999
24 16 22 999
25 17 23 999
26 18 19 999
27 20 21 999
28 22 23 999
29 18 24 999
30 19 25 999
31 20 26 999
32 21 27 999
33 22 28 999
34 23 29 999
35 25 26 999
36 27 28 999
37 24 30 999
38 25 31 999
39 26 32 999
40 27 33 999
41 28 34 999
42 29 35 999
43 30 31 999
44 32 33 999
45 34 35 999
46 30 36 999
47 31 37 999
48 32 38 999
49 33 39 999
50 34 40 999
51 35 41 999
52 37 38 999
53 39 40 999
54 36 42 999
55 37 43 999
56 38 44 999
57 39 45 999
58 40 46 999
59 41 47 999
60 42 43 999
61 44 45 999
62 46 47 999
63 43 48 999
64 44 49 999
65 45 50 999
66 46 51 999
67 48 49 999
68 50 51 999
69 49 52 999
70 50 53 999
71 52 53 999
